[app/ui]
version = 6.6.4
modtime = 1524368678.324893000

[app/launcher]
version = 6.6.4
modtime = 1524368678.327106000
